2 ror 111001010000001101000111010000010111101000000001111100111000
2 rol 001001000110101010101010110100011000100110100100111101100111
2 001001000110101010101010110100011000100110100100111101100111  >> 3
2 001001000110101010101010110100011000100110100100111101100111 << 3
2 001001000110101010101010110100011000100110100100111101100111 + 001001000110101010101010110100011000100110100100111101100111
2 001001000110101010101010110100011000100110100100111101100111 - 001001000110101010101010110100011000100110100100111101100111
2 001001000110101010101010110100011000100110100100111101100111 * 001001000110101010101010110100011000100110100100111101100111
2 001001000110101010101010110100011000100110100100111101100111 / 001001000110101010101010110100011000100110100100111101100111
2 10 111001010000001101000111010000010111101000000001111100111000
2 16 111001010000001101000111010000010111101000000001111100111000
2 111001010000001101000111010000010111101000000001111100111000 & 001001000110101010101010110100011000100110100100111101100111
2 111001010000001101000111010000010111101000000001111100111000 | 001001000110101010101010110100011000100110100100111101100111
2 111001010000001101000111010000010111101000000001111100111000 ^ 001001000110101010101010110100011000100110100100111101100111
2 ~ 111001010000001101000111010000010111101000000001111100111000